47658
20436
65027
35850
18730
49769
14886
24502
3834
54194
25048
49802
2249
54064
65278
62940
28092
3458
28745
8591
12963
28389
31698
23275
38702
46457
49965
51713
50503
12587
22921
57321
30857
64990
45248
227
25172
45450
8323
523
51824
4215
20588
22191
35922
55939
53601
6139
62380
65054
25974
26691
16584
43849
28153
56324
64082
62828
1542
43539
56919
48540
31088
21759
10337
56980
60323
47456
39229
22625
46308
56870
48526
3441
49971
47342
6307
7099
40174
56039
25565
9757
55554
17409
59100
44710
54709
31414
55725
22299
21753
43487
48529
27048
22433
21203
12054
10794
8724
41748
13658
16051
43744
6180
23770
37957
40482
48953
37261
39523
15621
15843
43491
43363
28553
54989
34046
16416
58653
42501
56696
39884
41578
37955
7832
2745
62246
47666
1790
37462
9991
55441
36487
36153
13238
12387
27594
44710
35860
55149
6394
4659
56833
18205
37617
56259
64190
39735
14699
54870
63416
44230
60122
23840
22517
9707
58183
12773
2354
4164
31147
24903
33684
45323
34493
31864
4356
20330
32707
57362
28150
1879
33864
18128
17686
1215
1866
52535
54728
47538
32580
61199
2585
36176
30228
7910
41076
21280
11247
444
43598
46313
3718
42080
63117
50448
27511
26225
5645
24300
59613
28869
882
7941
5314
41368
8674
28849
50398
15287
40197
14614
20269
940
21035
50604
27958
31566
47413
52395
32296
15966
19333
48281
56449
37470
17761
61108
58072
43413
56232
40838
61871
58181
18441
48582
20494
48362
61935
13911
55105
3936
52814
10685
33533
28853
56533
6900
13650
14883
4745
17087
65035
23721
9252
62808
24343
366
31306
17567
63599
27843
54787
30921
45096
18540
57759
4340
58793
21745
23485
34405
20943
63074
4115
36347
28285
10555
44293
26231
35566
60352
51744
12071
32807
29858
50602
39827
4380
32526
5144
53001
57838
22288
7285
29850
23593
39954
36457
60827
24482
21176
6268
6173
27206
400
33373
50405
43575
55899
18813
63615
35432
13382
25902
31561
24107
55233
38702
6836
58129
6660
63349
59618
40032
49013
60670
60793
54056
41691
42119
21133
64048
12477
32488
54330
693
37363
4546
43111
4080
42014
49193
176
13506
7479
28887
40826
44474
34157
63385
12322
50195
3403
45623
54542
63870
53538
38689
33362
54268
12053
49318
44588
3522
43755
46482
37118
64158
2973
8371
44644
31547
7887
45336
55194
2146
34455
75
24915
3082
21355
54172
13429
8741
20137
60902
5430
41425
50890
16992
59774
15442
18164
38188
10348
32425
44421
44451
16246
4596
7692
60188
57844
4942
15151
703
17678
17582
51199
2152
16512
28680
3061
54623
29826
61688
18060
9458
42875
42712
4087
15282
19385
50718
62535
17799
41864
36452
63443
26197
498
8299
30358
65183
40622
19060
14489
40320
58002
53724
5312
14858
41757
17656
42473
30186
1015
59257
61064
29123
36358
5606
52393
46143
14658
14910
56275
5241
59178
36205
17747
36865
11890
37298
18666
58514
26707
44251
40213
26873
33215
60850
1064
64434
17503
24306
43204
64636
58375
10941
9460
21890
58677
63695
11059
19099
5547
53972
808
42030
6064
62392
38644
58022
21586
57724
53728
45579
21133
56584
59043
13554
37429
12766
10557
6986
48479
28668
46625
21095
43323
20474
9435
20370
48428
22260
37636
5834
2394
30645
29100
49484
8838
34722
62491
37462
12596
2093
59911
39213
21688
57304
52398
26608
12885
26044
41796
51225
11305
22634
56281
20413
50837
40129
7680
32739
31442
49475
12781
10344
54242
61408
54666
41242
16499
44954
52001
21510
43022
36503
42001
40338
34705
552
6927
54571
13774
36274
46079
23470
59629
38175
62216
5997
4833
36816
48081
2213
36169
37535
21558
46600
43463
19791
45740
44860
25006
27734
207
7854
49913
5433
15039
56313
19997
62671
59576
19312
43364
35493
12164
65460
12494
4522
16755
50550
35393
4444
1115
59832
37986
60329
38138
1332
11066
25853
32629
182
61689
730
34436
52544
39312
20617
25680
47434
13981
59114
11408
54307
43521
45133
59915
37432
2960
28968
12978
6277
1079
9935
51750
62698
48498
6851
41346
27968
22639
52179
15328
52297
53135
13223
564
63156
55925
42280
62355
44189
23620
39522
20182
6455
14313
53162
48057
22278
21328
40891
42770
16841
32080
64798
33010
23184
6807
46440
47063
50879
22193
57492
26490
20701
50376
19244
32285
39794
64246
50384
21645
24485
3083
4763
11235
45719
62392
46457
7339
50165
22190
56852
27168
61880
25145
32018
63426
21322
13696
49147
48482
62309
18244
29150
51646
51922
28635
43725
53301
29217
22470
38147
9329
36751
11439
34703
26481
26622
32846
62352
1118
63804
53055
14354
64594
23315
18170
62009
26003
9509
29904
40902
49494
6187
61759
26059
5403
47112
35074
8560
51840
17392
19851
33666
40303
10559
56706
53141
28060
57222
58084
37767
61751
54931
47411
23538
56821
12056
53485
52941
5411
46454
63741
25905
38798
51628
3562
8662
17413
45635
11489
48170
45534
8992
2492
38009
35953
49098
16581
33380
25149
38487
10118
38868
50281
29463
51638
15438
47092
42237
62666
38100
56506
42364
15273
40041
39706
44175
50117
47965
41375
24165
31948
10496
11620
61804
15167
37870
64332
32292
60260
32049
44555
50550
57209
27997
23660
22362
18151
3157
36979
13692
3611
53758
56510
49014
13060
36046
64013
2360
60198
28106
44257
59215
54531
22341
50456
2391
16528
18138
52527
6715
39569
51167
8730
2692
59434
3678
25550
37448
41613
37468
15840
31261
39400
7035
45384
17696
20494
54697
12599
14768
65163
1530
12425
28631
65448
41265
35562
23775
12764
57405
25441
50860
15826
33300
60558
57392
30595
39152
22268
5877
9447
23190
60111
37710
25430
61072
25745
7321
46723
6046
38098
55131
44418
41867
10426
52346
56374
27565
2559
58799
26612
33023
21282
5085
7931
26232
38850
58431
46894
14495
58735
32204
44076
56825
45087
17560
12483
51800
58378
19400
47586
23916
28328
30971
56232
15801
65033
62282
37588
18560
45149
788
8605
34400
8312
55184
29930
41229
57919
23619
35701
11560
8701
64437
27939
45344
56635
64967
50431
26046
20771
3065
34664
7027
58492
39661
27355
48444
16800
29024
24977
60140
51697
5774
64009
32843
26062
18533
6592
26341
56295
22727
21340
2344
41143
28369
33074
51041
34794
4264
28079
47657
49057
52621
57963
33320
44406
32925
28132
