6592
34189
34301
63947
9151
30000
41554
168
64444
58149
27277
49268
29255
31031
42857
950
46716
57602
13249
49125
14325
43186
15531
19330
20936
7649
58158
14862
36095
65126
16026
1116
24985
60375
63807
62531
15960
50998
11324
11798
5355
33918
11716
60983
26535
16092
73
41780
34009
667
1841
9602
55124
13263
23920
24697
1330
59089
1671
15112
10697
20180
9592
29858
4637
13773
28295
49758
56961
10142
10678
33382
59879
7098
46326
23647
25790
63978
4225
50596
55248
2958
4225
212
39875
42583
56024
63486
49153
55802
3935
7516
17113
6152
40747
37541
33348
59397
41641
3361
45584
14800
15247
56646
15860
39052
15855
6609
42835
47066
28888
29096
15309
42153
55277
6748
53506
18654
10426
60444
47856
12004
56702
32197
48257
61669
45684
1718
16403
21946
45018
21859
41165
54972
20850
26549
47622
18054
16436
14901
27580
49921
7099
17381
39417
20311
25670
11944
14363
49231
58403
57491
59621
62815
14385
25337
54200
40296
54296
7057
48674
18969
28816
27872
5823
11214
9995
16254
41151
65187
59262
46066
15401
44175
36031
57171
249
26021
9702
4306
25747
44653
38983
43347
21823
26449
15692
63832
61793
63746
14726
12698
47064
34251
27468
36188
52725
3880
24664
28566
34806
41880
61931
23087
17255
55920
55758
10642
12412
42493
1315
6479
15280
43469
49271
42656
38923
11070
27595
42015
57505
35446
51251
33749
33508
24726
12774
64479
25924
20215
46890
62844
1826
7915
48421
3281
8815
22608
4269
6486
52287
33247
61698
32290
11011
13792
46810
8846
61349
2577
9184
37906
50458
41760
30473
34641
50449
32978
29476
20572
50769
39324
17504
26062
50693
55665
50241
58389
6934
49741
44857
17286
29280
43105
1929
45544
51325
19432
51751
57638
62187
15985
10088
59460
60865
50012
43959
32955
35845
44035
35027
28257
53389
57909
48040
2022
17753
51961
33049
46202
24289
10699
1768
64800
60484
22755
53693
16757
64911
63645
58755
43968
44393
12162
14383
59322
55154
38725
8368
17703
24040
55174
9092
15970
47115
60722
23901
21095
63871
1872
20733
2335
16448
51147
3120
16049
18
201
55503
58443
16611
22833
21412
60388
39919
44246
59301
21867
50345
42194
61790
40327
45822
58858
50912
31875
42018
61097
31686
41191
27960
14381
5851
28038
30140
6517
31132
59333
11919
38277
2630
26092
34158
63604
24397
40518
25744
36882
24610
28181
48814
51788
63006
26437
27163
60008
54885
9745
43226
60311
43085
27868
52139
42428
21412
14608
28380
58161
27926
2564
20219
53679
11319
766
15715
9600
43380
42559
50191
53931
40116
13256
49425
16531
44783
38681
52335
26864
39760
38886
50705
4691
60731
6917
2780
42149
29104
48607
34451
8232
7780
51745
32129
2067
42968
22982
26810
4664
10003
3033
19508
29933
18771
50628
21704
25324
47174
32451
48533
31368
52755
30502
31827
37142
3609
53721
50241
61437
57240
8286
2356
41800
48080
54027
32121
55375
52645
62207
36232
12985
29571
41574
54727
42997
55451
36516
21085
969
35422
7806
26455
33562
29998
43290
63935
4858
32204
5162
44244
715
7490
48330
38523
44269
967
51305
36595
27500
40450
17343
26081
41520
16839
61341
39426
16755
13214
10538
52324
56082
43034
11367
16803
40331
50028
5964
3891
59800
14148
8632
1315
9094
190
57356
10340
5485
54535
63922
61129
56748
37334
5871
34227
24891
54838
16164
35595
55041
41483
61192
3022
14152
23989
23050
3102
35108
19547
16509
32604
3608
60626
15737
48047
61441
9675
19602
42307
46308
46691
29176
50652
27947
45900
7524
35873
61240
38004
61361
23353
49428
21840
51097
411
46463
45418
24891
45096
14034
13036
42911
30566
43619
5818
48316
49128
41649
46590
46228
19528
36795
24251
8340
35617
35761
5689
62340
24095
19914
24389
58563
49571
57359
50130
62737
27897
12633
19751
29595
48631
58415
19861
18947
58461
63462
9247
19040
1323
20334
64144
63822
28030
48757
12932
42187
9440
62560
42987
46458
56244
51201
25806
19450
40188
51362
10373
62926
21027
37785
31963
9644
28835
63881
30234
39528
52389
57200
29123
12917
3711
33496
54868
16519
39561
44297
38541
38030
23666
1330
64188
48132
43301
13920
20910
11301
1116
47654
25830
61448
21943
9919
35814
22232
16687
65231
23249
38298
47681
35910
63954
43716
36551
38488
63807
57149
12259
23905
56332
56505
30168
64766
46680
38782
20732
62522
36589
56996
25623
52970
36021
13105
20919
35579
45513
32192
10372
58172
2606
40679
60365
62122
44572
44918
6232
63634
40692
41868
48393
2450
31824
9078
55661
24848
37306
12867
952
44285
16966
47128
32294
60597
8262
47370
47746
58487
42802
4417
3208
44449
25682
57514
65222
42928
65427
51940
27242
60399
122
31767
23861
23494
3876
36586
20630
39506
39695
12782
34146
27774
25406
30158
2108
43765
12906
45404
53014
5467
52861
2019
14950
41224
58805
28718
52493
4632
23744
24254
63497
30447
43641
49537
6908
10711
3465
32562
25342
63210
26360
7931
23964
51612
56803
8826
19239
15432
27815
26411
42203
51373
1846
52095
27442
10290
18925
43399
14785
57133
30307
31470
58562
45971
58461
7500
52812
38153
58156
53726
33503
30308
54970
1106
35151
55834
50158
58973
18104
41239
62346
25147
6714
58232
40689
52997
57495
59214
50728
27012
45159
30311
50483
43244
64974
16621
63506
18202
38498
29948
52039
60225
22013
7948
26348
46767
7338
56239
41837
2910
55110
16453
46567
41300
1003
31183
59537
19850
56712
63567
49617
20828
18332
45655
6709
59369
50131
59524
17976
28499
31082
48633
14272
48382
27550
23066
24015
13330
44469
31380
4056
5700
19981
958
5329
32803
1869
63687
39081
24193
552
10800
30486
31772
4492
26928
33190
59172
64214
42427
21871
18900
24543
37394
44500
29808
2758
28453
11006
26681
45450
25251
55885
53496
5234
25837
25304
36981
50185
203
44460
1861
30292
35742
46439
47629
50448
50377
14948
44648
14371
22470
3028
5628
42395
13842
11349
24791
261
2455
17599
5398
25736
36983
44410
59897
24028
7909
28369
18836
37128
25112
41370
3356
33021
28373
36216
15640
13359
64674
44710
24552
37074
63124
62782
22902
31797
53566
46814
2280
41129
22602
52310
4688
41124
31075
50661
57223
16912
26696
7290
64689
48818
56464
32164
15485
38622
26060
36120
39593
14386
24627
25525
947
